[10000110 11100001 11011110 1110100 10000010 1010 10011011 100101 101011 10100011 111011 101110 11101101 1000100 1011011 1100 11010000 101100 1000100 1011011 1011111 1001011 10000000 111 100000 1011010 11111111 10111 1100010 11010111 110000 11010]
[1111 10000111 11000001 10101110 11011100 10000001 1011011 1011011 10100 11000110 10000111 1100000 1100010 1110010 100 10100000 1001011 101100 11110101 11100110 110001 1100101 10000010 1101001 11101011 11001011 1111101 10110101 11001010 1000100 101100 1000011]
there are 0 differance between the sha's
[10000110 11100001 11011110 1110100 10000010 1010 10011011 100101 101011 10100011 111011 101110 11101101 1000100 1011011 1100 11010000 101100 1000100 1011011 1011111 1001011 10000000 111 100000 1011010 11111111 10111 1100010 11010111 110000 11010]
[10000110 11100001 11011110 1110100 10000010 1010 10011011 100101 101011 10100011 111011 101110 11101101 1000100 1011011 1100 11010000 101100 1000100 1011011 1011111 1001011 10000000 111 100000 1011010 11111111 10111 1100010 11010111 110000 11010]
there are 129 differance between the sha's
[1111 10000111 11000001 10101110 11011100 10000001 1011011 1011011 10100 11000110 10000111 1100000 1100010 1110010 100 10100000 1001011 101100 11110101 11100110 110001 1100101 10000010 1101001 11101011 11001011 1111101 10110101 11001010 1000100 101100 1000011]
[1110000 11111100 1110101 10010000 10010010 1010010 10001101 10111101 11100000 11110001 11100100 10011100 1010010 11111111 1010100 10010010 110100 10101100 1000000 1100101 1111111 11110100 111010 1101010 11100100 11010 10011 10110111 10100011 11110011 10110111 11011101]
there are 0 differance between the sha's
[100110 1101101 11010101 11001000 11001 11000111 10101000 11 1001100 1101010 1110100 11010010 11000 101101 11000010 11111101 11001110 10011011 11110101 1101010 11101010 11010001 10110101 11101110 1111 11111111 11011101 11011011 10001011 10000001 11110111 101111]
[1111 10000111 11000001 10101110 11011100 10000001 1011011 1011011 10100 11000110 10000111 1100000 1100010 1110010 100 10100000 1001011 101100 11110101 11100110 110001 1100101 10000010 1101001 11101011 11001011 1111101 10110101 11001010 1000100 101100 1000011]
there are 129 differance between the sha's
[100110 1101101 11010101 11001000 11001 11000111 10101000 11 1001100 1101010 1110100 11010010 11000 101101 11000010 11111101 11001110 10011011 11110101 1101010 11101010 11010001 10110101 11101110 1111 11111111 11011101 11011011 10001011 10000001 11110111 101111]
[100110 1101101 11010101 11001000 11001 11000111 10101000 11 1001100 1101010 1110100 11010010 11000 101101 11000010 11111101 11001110 10011011 11110101 1101010 11101010 11010001 10110101 11101110 1111 11111111 11011101 11011011 10001011 10000001 11110111 101111]
